29.1.2021.

nr   Cam1      Cam2      Z1        Z2      Pause
test21.csv
1    -37.122   -37.122   -43.40    -43.500   5000
2    -37.128   -37.130   -43.40    -43.500   5000
3    -37.132   -37.134   -43.40    -43.500   5000
4    -37.136   -37.138   -43.40    -43.500   5000
5    -37.142   -37.144   -43.40    -43.500   5000
6    -37.146   -37.148   -43.40    -43.500   5000
7    -37.146   -37.149   -43.40    -43.500   5000
8    -37.146   -37.149   -43.40    -43.500   5000
9    -37.146   -37.149   -43.40    -43.500   5000
10   -37.152   -37.155   -43.40    -43.500   5000
test22.csv
11   -37.156   -37.159   -43.40    -43.520   5000
test23.csv / Polierpapier 4000 auf Klebepapier 1200
12   -37.156   -37.159   -43.200    -43.300   5000
13   -37.156   -37.159   -43.200    -43.300   5000
test24.csv / Klebepapier 1200 extra Gewicht 5 Magnete
14   -37.182   -37.182   -43.400    -43.550   5000
15   -37.182   -37.182   -43.400    -43.550   5000
test25_Tirolit mit Klebeschleifpapier1200 drunter
16   -37.188   -37.190   -35.938    -35.945   5000
17   -37.172   -37.176   -35.938    -35.945   5000
18   -37.186   -37.188       -36      -36.1   5000
test23.csv / Polierpapier 4000 auf Klebepapier 1200
18   -37.184   -37.188   -43.2      -43.4     5000
